Congratulations Player 0! You have won!Player 0's ships:
[[0 0 0 0 0 0 0 0 0 0]
 [0 0 0 0 0 0 0 0 0 0]
 [0 0 0 0 0 0 0 0 0 0]
 [1 1 1 0 0 0 0 0 0 0]
 [0 0 0 0 0 0 0 0 0 0]
 [0 0 0 0 0 0 1 1 1 1]
 [0 1 1 1 1 1 0 0 0 0]
 [0 0 0 0 0 0 0 0 0 1]
 [0 0 0 0 0 1 1 1 0 1]
 [0 0 0 0 0 0 0 0 0 0]]
Player 0's guesses:
[[0 0 0 0 0 0 0 0 0 0]
 [0 0 0 0 0 0 0 0 0 0]
 [0 0 0 0 0 0 0 0 0 0]
 [0 0 0 0 0 0 0 0 0 0]
 [0 0 0 0 0 0 0 0 0 0]
 [0 0 0 0 0 0 0 0 0 0]
 [0 0 0 0 0 0 0 0 0 0]
 [0 0 0 0 0 0 0 0 0 0]
 [0 0 0 0 0 0 0 0 0 0]
 [0 0 0 0 0 0 0 0 0 0]]
[[-1 -1  0 -1  1  1  1  1 -1  0]
 [-1 -1 -1 -1 -1  0  0 -1 -1 -1]
 [-1  0  0 -1 -1  0 -1  0 -1  0]
 [ 0  1 -1  0  1 -1  0  0 -1  0]
 [-1 -1  0  0  1  0 -1 -1  0 -1]
 [ 0  1  0  1  0 -1  1 -1 -1 -1]
 [ 0 -1  0 -1 -1 -1  0  0 -1 -1]
 [-1 -1 -1  0  0 -1  0 -1  0 -1]
 [ 0  0  0 -1  0  0  0 -1 -1 -1]
 [-1 -1  0  0 -1 -1 -1 -1 -1  0]]
[[ 0  0 -1 -1 -1  0 -1 -1 -1 -1]
 [-1 -1 -1 -1 -1 -1 -1 -1 -1  0]
 [-1 -1 -1 -1 -1 -1  0 -1 -1 -1]
 [ 0  1 -1 -1 -1  0 -1 -1 -1  0]
 [ 0 -1 -1 -1 -1  0 -1 -1  1 -1]
 [-1 -1 -1 -1  0 -1 -1 -1  1  0]
 [-1  0 -1  0  0 -1 -1  0  0 -1]
 [-1 -1 -1 -1  1  1 -1 -1  1  0]
 [ 0 -1 -1 -1 -1  1  1 -1 -1 -1]
 [ 0 -1 -1  0 -1  0 -1  0 -1  0]]
Player 1's ships:
[[0 0 0 0 1 1 1 1 1 0]
 [0 0 0 0 0 0 0 0 0 0]
 [0 1 0 0 1 0 1 0 0 0]
 [0 1 0 0 1 0 1 0 0 0]
 [0 0 0 0 1 0 1 0 0 0]
 [0 1 1 1 0 0 1 0 0 0]
 [0 0 0 0 0 0 0 0 0 0]
 [0 0 0 0 0 0 0 0 0 0]
 [0 0 0 0 0 0 0 0 0 0]
 [0 0 0 0 0 0 0 0 0 0]]
Player 1's guesses:
[[-1  0 -1 -1  0  0 -1  0 -1 -1]
 [ 0  0  0  0  0  0  0 -1 -1 -1]
 [ 0  0 -1 -1  0 -1 -1  0 -1  0]
 [ 1  1 -1 -1  0 -1 -1 -1 -1  0]
 [ 0 -1 -1  0 -1 -1 -1  0 -1 -1]
 [ 0 -1  0 -1 -1 -1 -1  1  0  0]
 [-1 -1  1  0  1  1 -1 -1 -1 -1]
 [-1 -1 -1 -1  0 -1 -1 -1 -1  1]
 [-1  0  0 -1 -1  0  0  0 -1  1]
 [-1 -1 -1 -1 -1  0  0  0  0 -1]]
[[0 0 0 0 0 0 0 0 0 0]
 [0 0 0 0 0 0 0 0 0 0]
 [0 0 0 0 0 0 0 0 0 0]
 [0 0 0 0 0 0 0 0 0 0]
 [0 0 0 0 0 0 0 0 0 0]
 [0 0 0 0 0 0 0 0 0 0]
 [0 0 0 0 0 0 0 0 0 0]
 [0 0 0 0 0 0 0 0 0 0]
 [0 0 0 0 0 0 0 0 0 0]
 [0 0 0 0 0 0 0 0 0 0]]
[[ 0  0 -1 -1 -1 -1  0  0  0 -1]
 [-1  0  0 -1 -1 -1 -1 -1  0 -1]
 [ 0  0  0 -1 -1 -1  0 -1  0 -1]
 [ 1 -1  0 -1 -1 -1 -1 -1  1  0]
 [ 0  1 -1 -1 -1 -1  0 -1  0  0]
 [ 0  1 -1 -1  0 -1  0 -1  0  0]
 [-1  1 -1  0  0 -1  0 -1 -1 -1]
 [ 0  1  0  0  0  0  1  1 -1  0]
 [-1  0  0 -1 -1  0  0  1  0 -1]
 [ 0  0 -1 -1 -1  0  0  0  0 -1]]
Player 2's ships:
[[0 0 0 0 0 0 0 0 0 0]
 [0 0 0 0 0 0 0 0 0 0]
 [0 0 0 0 0 0 0 0 0 0]
 [1 1 0 0 0 0 0 0 1 0]
 [0 1 0 0 0 0 0 0 1 0]
 [0 1 0 0 0 0 0 0 1 0]
 [0 1 0 0 0 0 0 0 0 0]
 [0 1 0 0 1 1 1 1 1 0]
 [0 0 0 0 0 1 1 1 0 0]
 [0 0 0 0 0 0 0 0 0 0]]
Player 2's guesses:
[[-1  0 -1 -1  0 -1 -1 -1  0  0]
 [-1 -1 -1 -1  0 -1 -1  0  0 -1]
 [ 0 -1 -1 -1 -1 -1 -1 -1 -1 -1]
 [ 0 -1  1 -1 -1 -1 -1  0 -1 -1]
 [ 0 -1 -1 -1 -1  0  0  0 -1  0]
 [-1  0 -1 -1  0 -1  1  0  1  0]
 [ 0  1  0  1  0  0 -1  0 -1 -1]
 [-1 -1  0 -1  0 -1 -1  0  0  0]
 [-1  0 -1  0 -1  1  0  1  0  0]
 [ 0 -1 -1  0  0 -1 -1  0 -1  0]]
[[-1 -1  0 -1 -1 -1 -1 -1  1 -1]
 [-1  0  0 -1  0 -1  0  0  0 -1]
 [-1  1 -1 -1  1 -1  1 -1  0  0]
 [-1 -1  0  0 -1  0  1 -1 -1 -1]
 [-1 -1 -1 -1 -1 -1  1 -1  0 -1]
 [ 0 -1  1  0 -1  0  0 -1 -1  0]
 [-1 -1 -1 -1 -1 -1 -1 -1 -1 -1]
 [-1  0 -1 -1 -1 -1  0 -1 -1 -1]
 [ 0 -1 -1 -1 -1 -1  0 -1 -1 -1]
 [-1 -1  0 -1 -1  0 -1 -1 -1 -1]]
[[0 0 0 0 0 0 0 0 0 0]
 [0 0 0 0 0 0 0 0 0 0]
 [0 0 0 0 0 0 0 0 0 0]
 [0 0 0 0 0 0 0 0 0 0]
 [0 0 0 0 0 0 0 0 0 0]
 [0 0 0 0 0 0 0 0 0 0]
 [0 0 0 0 0 0 0 0 0 0]
 [0 0 0 0 0 0 0 0 0 0]
 [0 0 0 0 0 0 0 0 0 0]
 [0 0 0 0 0 0 0 0 0 0]]
